801 657 735 703 609 629 763 715 733 723 713 633 675 745 717 615 635 777 771 749 797 729 695 603 719 773 737 655 757 643 791 663 795 697 705 701 607 627 613 743 767 739 665 639 685 755 781 741 683 621 671
802 657 735 703 609 629 763 715 733 723 713 633 675 745 717 615 635 777 771 749 797 729 695 603 719 773 737 655 757 643 791 663 795 697 705 701 607 627 613 743 767 739 665 639 685 755 781 741 683 621 671
803 657 735 703 609 629 763 715 733 723 713 633 675 745 717 615 635 777 771 749 797 729 695 603 719 773 737 655 757 643 791 663 795 697 705 701 607 627 613 743 767 739 665 639 685 755 781 741 683 621 671
804 657 735 703 609 629 763 715 733 723 713 633 675 745 717 615 635 777 771 749 797 729 695 603 719 773 737 655 757 643 791 663 795 697 705 701 607 627 613 743 767 739 665 639 685 755 781 741 683 621 671
805 657 735 703 609 629 763 715 733 723 713 633 675 745 717 615 635 777 771 749 797 729 695 603 719 773 737 655 757 643 791 663 795 697 705 701 607 627 613 743 767 739 665 639 685 755 781 741 683 621 671
806 657 735 703 609 629 763 715 733 723 713 633 675 745 717 615 635 777 771 749 797 729 695 603 719 773 737 655 757 643 791 663 795 697 705 701 607 627 613 743 767 739 665 639 685 755 781 741 683 621 671
807 657 735 703 609 629 763 715 733 723 713 633 675 745 717 615 635 777 771 749 797 729 695 603 719 773 737 655 757 643 791 663 795 697 705 701 607 627 613 743 767 739 665 639 685 755 781 741 683 621 671
808 657 735 703 609 629 763 715 733 723 713 633 675 745 717 615 635 777 771 749 797 729 695 603 719 773 737 655 757 643 791 663 795 697 705 701 607 627 613 743 767 739 665 639 685 755 781 741 683 621 671
809 657 735 703 609 629 763 715 733 723 713 633 675 745 717 615 635 777 771 749 797 729 695 603 719 773 737 655 757 643 791 663 795 697 705 701 607 627 613 743 767 739 665 639 685 755 781 741 683 621 671
810 657 735 703 609 629 763 715 733 723 713 633 675 745 717 615 635 777 771 749 797 729 695 603 719 773 737 655 757 643 791 663 795 697 705 701 607 627 613 743 767 739 665 639 685 755 781 741 683 621 671
811 657 735 703 609 629 763 715 733 723 713 633 675 745 717 615 635 777 771 749 797 729 695 603 719 773 737 655 757 643 791 663 795 697 705 701 607 627 613 743 767 739 665 639 685 755 781 741 683 621 671
812 657 735 703 609 629 763 715 733 723 713 633 675 745 717 615 635 777 771 749 797 729 695 603 719 773 737 655 757 643 791 663 795 697 705 701 607 627 613 743 767 739 665 639 685 755 781 741 683 621 671
813 657 735 703 609 629 763 715 733 723 713 633 675 745 717 615 635 777 771 749 797 729 695 603 719 773 737 655 757 643 791 663 795 697 705 701 607 627 613 743 767 739 665 639 685 755 781 741 683 621 671
814 657 735 703 609 629 763 715 733 723 713 633 675 745 717 615 635 777 771 749 797 729 695 603 719 773 737 655 757 643 791 663 795 697 705 701 607 627 613 743 767 739 665 639 685 755 781 741 683 621 671
815 657 735 703 609 629 763 715 733 723 713 633 675 745 717 615 635 777 771 749 797 729 695 603 719 773 737 655 757 643 791 663 795 697 705 701 607 627 613 743 767 739 665 639 685 755 781 741 683 621 671
816 657 735 703 609 629 763 715 733 723 713 633 675 745 717 615 635 777 771 749 797 729 695 603 719 773 737 655 757 643 791 663 795 697 705 701 607 627 613 743 767 739 665 639 685 755 781 741 683 621 671
817 657 735 703 609 629 763 715 733 723 713 633 675 745 717 615 635 777 771 749 797 729 695 603 719 773 737 655 757 643 791 663 795 697 705 701 607 627 613 743 767 739 665 639 685 755 781 741 683 621 671
818 657 735 703 609 629 763 715 733 723 713 633 675 745 717 615 635 777 771 749 797 729 695 603 719 773 737 655 757 643 791 663 795 697 705 701 607 627 613 743 767 739 665 639 685 755 781 741 683 621 671
819 657 735 703 609 629 763 715 733 723 713 633 675 745 717 615 635 777 771 749 797 729 695 603 719 773 737 655 757 643 791 663 795 697 705 701 607 627 613 743 767 739 665 639 685 755 781 741 683 621 671
820 657 735 703 609 629 763 715 733 723 713 633 675 745 717 615 635 777 771 749 797 729 695 603 719 773 737 655 757 643 791 663 795 697 705 701 607 627 613 743 767 739 665 639 685 755 781 741 683 621 671
821 657 735 703 609 629 763 715 733 723 713 633 675 745 717 615 635 777 771 749 797 729 695 603 719 773 737 655 757 643 791 663 795 697 705 701 607 627 613 743 767 739 665 639 685 755 781 741 683 621 671
822 657 735 703 609 629 763 715 733 723 713 633 675 745 717 615 635 777 771 749 797 729 695 603 719 773 737 655 757 643 791 663 795 697 705 701 607 627 613 743 767 739 665 639 685 755 781 741 683 621 671
823 657 735 703 609 629 763 715 733 723 713 633 675 745 717 615 635 777 771 749 797 729 695 603 719 773 737 655 757 643 791 663 795 697 705 701 607 627 613 743 767 739 665 639 685 755 781 741 683 621 671
824 657 735 703 609 629 763 715 733 723 713 633 675 745 717 615 635 777 771 749 797 729 695 603 719 773 737 655 757 643 791 663 795 697 705 701 607 627 613 743 767 739 665 639 685 755 781 741 683 621 671
825 657 735 703 609 629 763 715 733 723 713 633 675 745 717 615 635 777 771 749 797 729 695 603 719 773 737 655 757 643 791 663 795 697 705 701 607 627 613 743 767 739 665 639 685 755 781 741 683 621 671
826 657 735 703 609 629 763 715 733 723 713 633 675 745 717 615 635 777 771 749 797 729 695 603 719 773 737 655 757 643 791 663 795 697 705 701 607 627 613 743 767 739 665 639 685 755 781 741 683 621 671
827 657 735 703 609 629 763 715 733 723 713 633 675 745 717 615 635 777 771 749 797 729 695 603 719 773 737 655 757 643 791 663 795 697 705 701 607 627 613 743 767 739 665 639 685 755 781 741 683 621 671
828 657 735 703 609 629 763 715 733 723 713 633 675 745 717 615 635 777 771 749 797 729 695 603 719 773 737 655 757 643 791 663 795 697 705 701 607 627 613 743 767 739 665 639 685 755 781 741 683 621 671
829 657 735 703 609 629 763 715 733 723 713 633 675 745 717 615 635 777 771 749 797 729 695 603 719 773 737 655 757 643 791 663 795 697 705 701 607 627 613 743 767 739 665 639 685 755 781 741 683 621 671
830 657 735 703 609 629 763 715 733 723 713 633 675 745 717 615 635 777 771 749 797 729 695 603 719 773 737 655 757 643 791 663 795 697 705 701 607 627 613 743 767 739 665 639 685 755 781 741 683 621 671
831 657 735 703 609 629 763 715 733 723 713 633 675 745 717 615 635 777 771 749 797 729 695 603 719 773 737 655 757 643 791 663 795 697 705 701 607 627 613 743 767 739 665 639 685 755 781 741 683 621 671
832 657 735 703 609 629 763 715 733 723 713 633 675 745 717 615 635 777 771 749 797 729 695 603 719 773 737 655 757 643 791 663 795 697 705 701 607 627 613 743 767 739 665 639 685 755 781 741 683 621 671
833 657 735 703 609 629 763 715 733 723 713 633 675 745 717 615 635 777 771 749 797 729 695 603 719 773 737 655 757 643 791 663 795 697 705 701 607 627 613 743 767 739 665 639 685 755 781 741 683 621 671
834 657 735 703 609 629 763 715 733 723 713 633 675 745 717 615 635 777 771 749 797 729 695 603 719 773 737 655 757 643 791 663 795 697 705 701 607 627 613 743 767 739 665 639 685 755 781 741 683 621 671
835 657 735 703 609 629 763 715 733 723 713 633 675 745 717 615 635 777 771 749 797 729 695 603 719 773 737 655 757 643 791 663 795 697 705 701 607 627 613 743 767 739 665 639 685 755 781 741 683 621 671
836 657 735 703 609 629 763 715 733 723 713 633 675 745 717 615 635 777 771 749 797 729 695 603 719 773 737 655 757 643 791 663 795 697 705 701 607 627 613 743 767 739 665 639 685 755 781 741 683 621 671
837 657 735 703 609 629 763 715 733 723 713 633 675 745 717 615 635 777 771 749 797 729 695 603 719 773 737 655 757 643 791 663 795 697 705 701 607 627 613 743 767 739 665 639 685 755 781 741 683 621 671
838 657 735 703 609 629 763 715 733 723 713 633 675 745 717 615 635 777 771 749 797 729 695 603 719 773 737 655 757 643 791 663 795 697 705 701 607 627 613 743 767 739 665 639 685 755 781 741 683 621 671
839 657 735 703 609 629 763 715 733 723 713 633 675 745 717 615 635 777 771 749 797 729 695 603 719 773 737 655 757 643 791 663 795 697 705 701 607 627 613 743 767 739 665 639 685 755 781 741 683 621 671
840 657 735 703 609 629 763 715 733 723 713 633 675 745 717 615 635 777 771 749 797 729 695 603 719 773 737 655 757 643 791 663 795 697 705 701 607 627 613 743 767 739 665 639 685 755 781 741 683 621 671
841 657 735 703 609 629 763 715 733 723 713 633 675 745 717 615 635 777 771 749 797 729 695 603 719 773 737 655 757 643 791 663 795 697 705 701 607 627 613 743 767 739 665 639 685 755 781 741 683 621 671
842 657 735 703 609 629 763 715 733 723 713 633 675 745 717 615 635 777 771 749 797 729 695 603 719 773 737 655 757 643 791 663 795 697 705 701 607 627 613 743 767 739 665 639 685 755 781 741 683 621 671
843 657 735 703 609 629 763 715 733 723 713 633 675 745 717 615 635 777 771 749 797 729 695 603 719 773 737 655 757 643 791 663 795 697 705 701 607 627 613 743 767 739 665 639 685 755 781 741 683 621 671
844 657 735 703 609 629 763 715 733 723 713 633 675 745 717 615 635 777 771 749 797 729 695 603 719 773 737 655 757 643 791 663 795 697 705 701 607 627 613 743 767 739 665 639 685 755 781 741 683 621 671
845 657 735 703 609 629 763 715 733 723 713 633 675 745 717 615 635 777 771 749 797 729 695 603 719 773 737 655 757 643 791 663 795 697 705 701 607 627 613 743 767 739 665 639 685 755 781 741 683 621 671
846 657 735 703 609 629 763 715 733 723 713 633 675 745 717 615 635 777 771 749 797 729 695 603 719 773 737 655 757 643 791 663 795 697 705 701 607 627 613 743 767 739 665 639 685 755 781 741 683 621 671
847 657 735 703 609 629 763 715 733 723 713 633 675 745 717 615 635 777 771 749 797 729 695 603 719 773 737 655 757 643 791 663 795 697 705 701 607 627 613 743 767 739 665 639 685 755 781 741 683 621 671
848 657 735 703 609 629 763 715 733 723 713 633 675 745 717 615 635 777 771 749 797 729 695 603 719 773 737 655 757 643 791 663 795 697 705 701 607 627 613 743 767 739 665 639 685 755 781 741 683 621 671
849 657 735 703 609 629 763 715 733 723 713 633 675 745 717 615 635 777 771 749 797 729 695 603 719 773 737 655 757 643 791 663 795 697 705 701 607 627 613 743 767 739 665 639 685 755 781 741 683 621 671
850 657 735 703 609 629 763 715 733 723 713 633 675 745 717 615 635 777 771 749 797 729 695 603 719 773 737 655 757 643 791 663 795 697 705 701 607 627 613 743 767 739 665 639 685 755 781 741 683 621 671
851 657 735 703 609 629 763 715 733 723 713 633 675 745 717 615 635 777 771 749 797 729 695 603 719 773 737 655 757 643 791 663 795 697 705 701 607 627 613 743 767 739 665 639 685 755 781 741 683 621 671
852 657 735 703 609 629 763 715 733 723 713 633 675 745 717 615 635 777 771 749 797 729 695 603 719 773 737 655 757 643 791 663 795 697 705 701 607 627 613 743 767 739 665 639 685 755 781 741 683 621 671
853 657 735 703 609 629 763 715 733 723 713 633 675 745 717 615 635 777 771 749 797 729 695 603 719 773 737 655 757 643 791 663 795 697 705 701 607 627 613 743 767 739 665 639 685 755 781 741 683 621 671
854 657 735 703 609 629 763 715 733 723 713 633 675 745 717 615 635 777 771 749 797 729 695 603 719 773 737 655 757 643 791 663 795 697 705 701 607 627 613 743 767 739 665 639 685 755 781 741 683 621 671
855 657 735 703 609 629 763 715 733 723 713 633 675 745 717 615 635 777 771 749 797 729 695 603 719 773 737 655 757 643 791 663 795 697 705 701 607 627 613 743 767 739 665 639 685 755 781 741 683 621 671
856 657 735 703 609 629 763 715 733 723 713 633 675 745 717 615 635 777 771 749 797 729 695 603 719 773 737 655 757 643 791 663 795 697 705 701 607 627 613 743 767 739 665 639 685 755 781 741 683 621 671
857 657 735 703 609 629 763 715 733 723 713 633 675 745 717 615 635 777 771 749 797 729 695 603 719 773 737 655 757 643 791 663 795 697 705 701 607 627 613 743 767 739 665 639 685 755 781 741 683 621 671
858 657 735 703 609 629 763 715 733 723 713 633 675 745 717 615 635 777 771 749 797 729 695 603 719 773 737 655 757 643 791 663 795 697 705 701 607 627 613 743 767 739 665 639 685 755 781 741 683 621 671
859 657 735 703 609 629 763 715 733 723 713 633 675 745 717 615 635 777 771 749 797 729 695 603 719 773 737 655 757 643 791 663 795 697 705 701 607 627 613 743 767 739 665 639 685 755 781 741 683 621 671
860 657 735 703 609 629 763 715 733 723 713 633 675 745 717 615 635 777 771 749 797 729 695 603 719 773 737 655 757 643 791 663 795 697 705 701 607 627 613 743 767 739 665 639 685 755 781 741 683 621 671
861 657 735 703 609 629 763 715 733 723 713 633 675 745 717 615 635 777 771 749 797 729 695 603 719 773 737 655 757 643 791 663 795 697 705 701 607 627 613 743 767 739 665 639 685 755 781 741 683 621 671
862 657 735 703 609 629 763 715 733 723 713 633 675 745 717 615 635 777 771 749 797 729 695 603 719 773 737 655 757 643 791 663 795 697 705 701 607 627 613 743 767 739 665 639 685 755 781 741 683 621 671
863 657 735 703 609 629 763 715 733 723 713 633 675 745 717 615 635 777 771 749 797 729 695 603 719 773 737 655 757 643 791 663 795 697 705 701 607 627 613 743 767 739 665 639 685 755 781 741 683 621 671
864 657 735 703 609 629 763 715 733 723 713 633 675 745 717 615 635 777 771 749 797 729 695 603 719 773 737 655 757 643 791 663 795 697 705 701 607 627 613 743 767 739 665 639 685 755 781 741 683 621 671
865 657 735 703 609 629 763 715 733 723 713 633 675 745 717 615 635 777 771 749 797 729 695 603 719 773 737 655 757 643 791 663 795 697 705 701 607 627 613 743 767 739 665 639 685 755 781 741 683 621 671
866 657 735 703 609 629 763 715 733 723 713 633 675 745 717 615 635 777 771 749 797 729 695 603 719 773 737 655 757 643 791 663 795 697 705 701 607 627 613 743 767 739 665 639 685 755 781 741 683 621 671
867 657 735 703 609 629 763 715 733 723 713 633 675 745 717 615 635 777 771 749 797 729 695 603 719 773 737 655 757 643 791 663 795 697 705 701 607 627 613 743 767 739 665 639 685 755 781 741 683 621 671
868 657 735 703 609 629 763 715 733 723 713 633 675 745 717 615 635 777 771 749 797 729 695 603 719 773 737 655 757 643 791 663 795 697 705 701 607 627 613 743 767 739 665 639 685 755 781 741 683 621 671
869 657 735 703 609 629 763 715 733 723 713 633 675 745 717 615 635 777 771 749 797 729 695 603 719 773 737 655 757 643 791 663 795 697 705 701 607 627 613 743 767 739 665 639 685 755 781 741 683 621 671
870 657 735 703 609 629 763 715 733 723 713 633 675 745 717 615 635 777 771 749 797 729 695 603 719 773 737 655 757 643 791 663 795 697 705 701 607 627 613 743 767 739 665 639 685 755 781 741 683 621 671
871 657 735 703 609 629 763 715 733 723 713 633 675 745 717 615 635 777 771 749 797 729 695 603 719 773 737 655 757 643 791 663 795 697 705 701 607 627 613 743 767 739 665 639 685 755 781 741 683 621 671
872 657 735 703 609 629 763 715 733 723 713 633 675 745 717 615 635 777 771 749 797 729 695 603 719 773 737 655 757 643 791 663 795 697 705 701 607 627 613 743 767 739 665 639 685 755 781 741 683 621 671
873 657 735 703 609 629 763 715 733 723 713 633 675 745 717 615 635 777 771 749 797 729 695 603 719 773 737 655 757 643 791 663 795 697 705 701 607 627 613 743 767 739 665 639 685 755 781 741 683 621 671
874 657 735 703 609 629 763 715 733 723 713 633 675 745 717 615 635 777 771 749 797 729 695 603 719 773 737 655 757 643 791 663 795 697 705 701 607 627 613 743 767 739 665 639 685 755 781 741 683 621 671
875 657 735 703 609 629 763 715 733 723 713 633 675 745 717 615 635 777 771 749 797 729 695 603 719 773 737 655 757 643 791 663 795 697 705 701 607 627 613 743 767 739 665 639 685 755 781 741 683 621 671
876 657 735 703 609 629 763 715 733 723 713 633 675 745 717 615 635 777 771 749 797 729 695 603 719 773 737 655 757 643 791 663 795 697 705 701 607 627 613 743 767 739 665 639 685 755 781 741 683 621 671
877 657 735 703 609 629 763 715 733 723 713 633 675 745 717 615 635 777 771 749 797 729 695 603 719 773 737 655 757 643 791 663 795 697 705 701 607 627 613 743 767 739 665 639 685 755 781 741 683 621 671
878 657 735 703 609 629 763 715 733 723 713 633 675 745 717 615 635 777 771 749 797 729 695 603 719 773 737 655 757 643 791 663 795 697 705 701 607 627 613 743 767 739 665 639 685 755 781 741 683 621 671
879 657 735 703 609 629 763 715 733 723 713 633 675 745 717 615 635 777 771 749 797 729 695 603 719 773 737 655 757 643 791 663 795 697 705 701 607 627 613 743 767 739 665 639 685 755 781 741 683 621 671
880 657 735 703 609 629 763 715 733 723 713 633 675 745 717 615 635 777 771 749 797 729 695 603 719 773 737 655 757 643 791 663 795 697 705 701 607 627 613 743 767 739 665 639 685 755 781 741 683 621 671
881 657 735 703 609 629 763 715 733 723 713 633 675 745 717 615 635 777 771 749 797 729 695 603 719 773 737 655 757 643 791 663 795 697 705 701 607 627 613 743 767 739 665 639 685 755 781 741 683 621 671
882 657 735 703 609 629 763 715 733 723 713 633 675 745 717 615 635 777 771 749 797 729 695 603 719 773 737 655 757 643 791 663 795 697 705 701 607 627 613 743 767 739 665 639 685 755 781 741 683 621 671
883 657 735 703 609 629 763 715 733 723 713 633 675 745 717 615 635 777 771 749 797 729 695 603 719 773 737 655 757 643 791 663 795 697 705 701 607 627 613 743 767 739 665 639 685 755 781 741 683 621 671
884 657 735 703 609 629 763 715 733 723 713 633 675 745 717 615 635 777 771 749 797 729 695 603 719 773 737 655 757 643 791 663 795 697 705 701 607 627 613 743 767 739 665 639 685 755 781 741 683 621 671
885 657 735 703 609 629 763 715 733 723 713 633 675 745 717 615 635 777 771 749 797 729 695 603 719 773 737 655 757 643 791 663 795 697 705 701 607 627 613 743 767 739 665 639 685 755 781 741 683 621 671
886 657 735 703 609 629 763 715 733 723 713 633 675 745 717 615 635 777 771 749 797 729 695 603 719 773 737 655 757 643 791 663 795 697 705 701 607 627 613 743 767 739 665 639 685 755 781 741 683 621 671
887 657 735 703 609 629 763 715 733 723 713 633 675 745 717 615 635 777 771 749 797 729 695 603 719 773 737 655 757 643 791 663 795 697 705 701 607 627 613 743 767 739 665 639 685 755 781 741 683 621 671
888 657 735 703 609 629 763 715 733 723 713 633 675 745 717 615 635 777 771 749 797 729 695 603 719 773 737 655 757 643 791 663 795 697 705 701 607 627 613 743 767 739 665 639 685 755 781 741 683 621 671
889 657 735 703 609 629 763 715 733 723 713 633 675 745 717 615 635 777 771 749 797 729 695 603 719 773 737 655 757 643 791 663 795 697 705 701 607 627 613 743 767 739 665 639 685 755 781 741 683 621 671
890 657 735 703 609 629 763 715 733 723 713 633 675 745 717 615 635 777 771 749 797 729 695 603 719 773 737 655 757 643 791 663 795 697 705 701 607 627 613 743 767 739 665 639 685 755 781 741 683 621 671
891 657 735 703 609 629 763 715 733 723 713 633 675 745 717 615 635 777 771 749 797 729 695 603 719 773 737 655 757 643 791 663 795 697 705 701 607 627 613 743 767 739 665 639 685 755 781 741 683 621 671
892 657 735 703 609 629 763 715 733 723 713 633 675 745 717 615 635 777 771 749 797 729 695 603 719 773 737 655 757 643 791 663 795 697 705 701 607 627 613 743 767 739 665 639 685 755 781 741 683 621 671
893 657 735 703 609 629 763 715 733 723 713 633 675 745 717 615 635 777 771 749 797 729 695 603 719 773 737 655 757 643 791 663 795 697 705 701 607 627 613 743 767 739 665 639 685 755 781 741 683 621 671
894 657 735 703 609 629 763 715 733 723 713 633 675 745 717 615 635 777 771 749 797 729 695 603 719 773 737 655 757 643 791 663 795 697 705 701 607 627 613 743 767 739 665 639 685 755 781 741 683 621 671
895 657 735 703 609 629 763 715 733 723 713 633 675 745 717 615 635 777 771 749 797 729 695 603 719 773 737 655 757 643 791 663 795 697 705 701 607 627 613 743 767 739 665 639 685 755 781 741 683 621 671
896 657 735 703 609 629 763 715 733 723 713 633 675 745 717 615 635 777 771 749 797 729 695 603 719 773 737 655 757 643 791 663 795 697 705 701 607 627 613 743 767 739 665 639 685 755 781 741 683 621 671
897 657 735 703 609 629 763 715 733 723 713 633 675 745 717 615 635 777 771 749 797 729 695 603 719 773 737 655 757 643 791 663 795 697 705 701 607 627 613 743 767 739 665 639 685 755 781 741 683 621 671
898 657 735 703 609 629 763 715 733 723 713 633 675 745 717 615 635 777 771 749 797 729 695 603 719 773 737 655 757 643 791 663 795 697 705 701 607 627 613 743 767 739 665 639 685 755 781 741 683 621 671
899 657 735 703 609 629 763 715 733 723 713 633 675 745 717 615 635 777 771 749 797 729 695 603 719 773 737 655 757 643 791 663 795 697 705 701 607 627 613 743 767 739 665 639 685 755 781 741 683 621 671
900 657 735 703 609 629 763 715 733 723 713 633 675 745 717 615 635 777 771 749 797 729 695 603 719 773 737 655 757 643 791 663 795 697 705 701 607 627 613 743 767 739 665 639 685 755 781 741 683 621 671
901 657 735 703 609 629 763 715 733 723 713 633 675 745 717 615 635 777 771 749 797 729 695 603 719 773 737 655 757 643 791 663 795 697 705 701 607 627 613 743 767 739 665 639 685 755 781 741 683 621 671
902 657 735 703 609 629 763 715 733 723 713 633 675 745 717 615 635 777 771 749 797 729 695 603 719 773 737 655 757 643 791 663 795 697 705 701 607 627 613 743 767 739 665 639 685 755 781 741 683 621 671
903 657 735 703 609 629 763 715 733 723 713 633 675 745 717 615 635 777 771 749 797 729 695 603 719 773 737 655 757 643 791 663 795 697 705 701 607 627 613 743 767 739 665 639 685 755 781 741 683 621 671
904 657 735 703 609 629 763 715 733 723 713 633 675 745 717 615 635 777 771 749 797 729 695 603 719 773 737 655 757 643 791 663 795 697 705 701 607 627 613 743 767 739 665 639 685 755 781 741 683 621 671
905 657 735 703 609 629 763 715 733 723 713 633 675 745 717 615 635 777 771 749 797 729 695 603 719 773 737 655 757 643 791 663 795 697 705 701 607 627 613 743 767 739 665 639 685 755 781 741 683 621 671
906 657 735 703 609 629 763 715 733 723 713 633 675 745 717 615 635 777 771 749 797 729 695 603 719 773 737 655 757 643 791 663 795 697 705 701 607 627 613 743 767 739 665 639 685 755 781 741 683 621 671
907 657 735 703 609 629 763 715 733 723 713 633 675 745 717 615 635 777 771 749 797 729 695 603 719 773 737 655 757 643 791 663 795 697 705 701 607 627 613 743 767 739 665 639 685 755 781 741 683 621 671
908 657 735 703 609 629 763 715 733 723 713 633 675 745 717 615 635 777 771 749 797 729 695 603 719 773 737 655 757 643 791 663 795 697 705 701 607 627 613 743 767 739 665 639 685 755 781 741 683 621 671
909 657 735 703 609 629 763 715 733 723 713 633 675 745 717 615 635 777 771 749 797 729 695 603 719 773 737 655 757 643 791 663 795 697 705 701 607 627 613 743 767 739 665 639 685 755 781 741 683 621 671
910 657 735 703 609 629 763 715 733 723 713 633 675 745 717 615 635 777 771 749 797 729 695 603 719 773 737 655 757 643 791 663 795 697 705 701 607 627 613 743 767 739 665 639 685 755 781 741 683 621 671
911 657 735 703 609 629 763 715 733 723 713 633 675 745 717 615 635 777 771 749 797 729 695 603 719 773 737 655 757 643 791 663 795 697 705 701 607 627 613 743 767 739 665 639 685 755 781 741 683 621 671
912 657 735 703 609 629 763 715 733 723 713 633 675 745 717 615 635 777 771 749 797 729 695 603 719 773 737 655 757 643 791 663 795 697 705 701 607 627 613 743 767 739 665 639 685 755 781 741 683 621 671
913 657 735 703 609 629 763 715 733 723 713 633 675 745 717 615 635 777 771 749 797 729 695 603 719 773 737 655 757 643 791 663 795 697 705 701 607 627 613 743 767 739 665 639 685 755 781 741 683 621 671
914 657 735 703 609 629 763 715 733 723 713 633 675 745 717 615 635 777 771 749 797 729 695 603 719 773 737 655 757 643 791 663 795 697 705 701 607 627 613 743 767 739 665 639 685 755 781 741 683 621 671
915 657 735 703 609 629 763 715 733 723 713 633 675 745 717 615 635 777 771 749 797 729 695 603 719 773 737 655 757 643 791 663 795 697 705 701 607 627 613 743 767 739 665 639 685 755 781 741 683 621 671
916 657 735 703 609 629 763 715 733 723 713 633 675 745 717 615 635 777 771 749 797 729 695 603 719 773 737 655 757 643 791 663 795 697 705 701 607 627 613 743 767 739 665 639 685 755 781 741 683 621 671
917 657 735 703 609 629 763 715 733 723 713 633 675 745 717 615 635 777 771 749 797 729 695 603 719 773 737 655 757 643 791 663 795 697 705 701 607 627 613 743 767 739 665 639 685 755 781 741 683 621 671
918 657 735 703 609 629 763 715 733 723 713 633 675 745 717 615 635 777 771 749 797 729 695 603 719 773 737 655 757 643 791 663 795 697 705 701 607 627 613 743 767 739 665 639 685 755 781 741 683 621 671
919 657 735 703 609 629 763 715 733 723 713 633 675 745 717 615 635 777 771 749 797 729 695 603 719 773 737 655 757 643 791 663 795 697 705 701 607 627 613 743 767 739 665 639 685 755 781 741 683 621 671
920 657 735 703 609 629 763 715 733 723 713 633 675 745 717 615 635 777 771 749 797 729 695 603 719 773 737 655 757 643 791 663 795 697 705 701 607 627 613 743 767 739 665 639 685 755 781 741 683 621 671
921 657 735 703 609 629 763 715 733 723 713 633 675 745 717 615 635 777 771 749 797 729 695 603 719 773 737 655 757 643 791 663 795 697 705 701 607 627 613 743 767 739 665 639 685 755 781 741 683 621 671
922 657 735 703 609 629 763 715 733 723 713 633 675 745 717 615 635 777 771 749 797 729 695 603 719 773 737 655 757 643 791 663 795 697 705 701 607 627 613 743 767 739 665 639 685 755 781 741 683 621 671
923 657 735 703 609 629 763 715 733 723 713 633 675 745 717 615 635 777 771 749 797 729 695 603 719 773 737 655 757 643 791 663 795 697 705 701 607 627 613 743 767 739 665 639 685 755 781 741 683 621 671
924 657 735 703 609 629 763 715 733 723 713 633 675 745 717 615 635 777 771 749 797 729 695 603 719 773 737 655 757 643 791 663 795 697 705 701 607 627 613 743 767 739 665 639 685 755 781 741 683 621 671
925 657 735 703 609 629 763 715 733 723 713 633 675 745 717 615 635 777 771 749 797 729 695 603 719 773 737 655 757 643 791 663 795 697 705 701 607 627 613 743 767 739 665 639 685 755 781 741 683 621 671
926 657 735 703 609 629 763 715 733 723 713 633 675 745 717 615 635 777 771 749 797 729 695 603 719 773 737 655 757 643 791 663 795 697 705 701 607 627 613 743 767 739 665 639 685 755 781 741 683 621 671
927 657 735 703 609 629 763 715 733 723 713 633 675 745 717 615 635 777 771 749 797 729 695 603 719 773 737 655 757 643 791 663 795 697 705 701 607 627 613 743 767 739 665 639 685 755 781 741 683 621 671
928 657 735 703 609 629 763 715 733 723 713 633 675 745 717 615 635 777 771 749 797 729 695 603 719 773 737 655 757 643 791 663 795 697 705 701 607 627 613 743 767 739 665 639 685 755 781 741 683 621 671
929 657 735 703 609 629 763 715 733 723 713 633 675 745 717 615 635 777 771 749 797 729 695 603 719 773 737 655 757 643 791 663 795 697 705 701 607 627 613 743 767 739 665 639 685 755 781 741 683 621 671
930 657 735 703 609 629 763 715 733 723 713 633 675 745 717 615 635 777 771 749 797 729 695 603 719 773 737 655 757 643 791 663 795 697 705 701 607 627 613 743 767 739 665 639 685 755 781 741 683 621 671
931 657 735 703 609 629 763 715 733 723 713 633 675 745 717 615 635 777 771 749 797 729 695 603 719 773 737 655 757 643 791 663 795 697 705 701 607 627 613 743 767 739 665 639 685 755 781 741 683 621 671
932 657 735 703 609 629 763 715 733 723 713 633 675 745 717 615 635 777 771 749 797 729 695 603 719 773 737 655 757 643 791 663 795 697 705 701 607 627 613 743 767 739 665 639 685 755 781 741 683 621 671
933 657 735 703 609 629 763 715 733 723 713 633 675 745 717 615 635 777 771 749 797 729 695 603 719 773 737 655 757 643 791 663 795 697 705 701 607 627 613 743 767 739 665 639 685 755 781 741 683 621 671
934 657 735 703 609 629 763 715 733 723 713 633 675 745 717 615 635 777 771 749 797 729 695 603 719 773 737 655 757 643 791 663 795 697 705 701 607 627 613 743 767 739 665 639 685 755 781 741 683 621 671
935 657 735 703 609 629 763 715 733 723 713 633 675 745 717 615 635 777 771 749 797 729 695 603 719 773 737 655 757 643 791 663 795 697 705 701 607 627 613 743 767 739 665 639 685 755 781 741 683 621 671
936 657 735 703 609 629 763 715 733 723 713 633 675 745 717 615 635 777 771 749 797 729 695 603 719 773 737 655 757 643 791 663 795 697 705 701 607 627 613 743 767 739 665 639 685 755 781 741 683 621 671
937 657 735 703 609 629 763 715 733 723 713 633 675 745 717 615 635 777 771 749 797 729 695 603 719 773 737 655 757 643 791 663 795 697 705 701 607 627 613 743 767 739 665 639 685 755 781 741 683 621 671
938 657 735 703 609 629 763 715 733 723 713 633 675 745 717 615 635 777 771 749 797 729 695 603 719 773 737 655 757 643 791 663 795 697 705 701 607 627 613 743 767 739 665 639 685 755 781 741 683 621 671
939 657 735 703 609 629 763 715 733 723 713 633 675 745 717 615 635 777 771 749 797 729 695 603 719 773 737 655 757 643 791 663 795 697 705 701 607 627 613 743 767 739 665 639 685 755 781 741 683 621 671
940 657 735 703 609 629 763 715 733 723 713 633 675 745 717 615 635 777 771 749 797 729 695 603 719 773 737 655 757 643 791 663 795 697 705 701 607 627 613 743 767 739 665 639 685 755 781 741 683 621 671
941 657 735 703 609 629 763 715 733 723 713 633 675 745 717 615 635 777 771 749 797 729 695 603 719 773 737 655 757 643 791 663 795 697 705 701 607 627 613 743 767 739 665 639 685 755 781 741 683 621 671
942 657 735 703 609 629 763 715 733 723 713 633 675 745 717 615 635 777 771 749 797 729 695 603 719 773 737 655 757 643 791 663 795 697 705 701 607 627 613 743 767 739 665 639 685 755 781 741 683 621 671
943 657 735 703 609 629 763 715 733 723 713 633 675 745 717 615 635 777 771 749 797 729 695 603 719 773 737 655 757 643 791 663 795 697 705 701 607 627 613 743 767 739 665 639 685 755 781 741 683 621 671
944 657 735 703 609 629 763 715 733 723 713 633 675 745 717 615 635 777 771 749 797 729 695 603 719 773 737 655 757 643 791 663 795 697 705 701 607 627 613 743 767 739 665 639 685 755 781 741 683 621 671
945 657 735 703 609 629 763 715 733 723 713 633 675 745 717 615 635 777 771 749 797 729 695 603 719 773 737 655 757 643 791 663 795 697 705 701 607 627 613 743 767 739 665 639 685 755 781 741 683 621 671
946 657 735 703 609 629 763 715 733 723 713 633 675 745 717 615 635 777 771 749 797 729 695 603 719 773 737 655 757 643 791 663 795 697 705 701 607 627 613 743 767 739 665 639 685 755 781 741 683 621 671
947 657 735 703 609 629 763 715 733 723 713 633 675 745 717 615 635 777 771 749 797 729 695 603 719 773 737 655 757 643 791 663 795 697 705 701 607 627 613 743 767 739 665 639 685 755 781 741 683 621 671
948 657 735 703 609 629 763 715 733 723 713 633 675 745 717 615 635 777 771 749 797 729 695 603 719 773 737 655 757 643 791 663 795 697 705 701 607 627 613 743 767 739 665 639 685 755 781 741 683 621 671
949 657 735 703 609 629 763 715 733 723 713 633 675 745 717 615 635 777 771 749 797 729 695 603 719 773 737 655 757 643 791 663 795 697 705 701 607 627 613 743 767 739 665 639 685 755 781 741 683 621 671
950 657 735 703 609 629 763 715 733 723 713 633 675 745 717 615 635 777 771 749 797 729 695 603 719 773 737 655 757 643 791 663 795 697 705 701 607 627 613 743 767 739 665 639 685 755 781 741 683 621 671
951 657 735 703 609 629 763 715 733 723 713 633 675 745 717 615 635 777 771 749 797 729 695 603 719 773 737 655 757 643 791 663 795 697 705 701 607 627 613 743 767 739 665 639 685 755 781 741 683 621 671
952 657 735 703 609 629 763 715 733 723 713 633 675 745 717 615 635 777 771 749 797 729 695 603 719 773 737 655 757 643 791 663 795 697 705 701 607 627 613 743 767 739 665 639 685 755 781 741 683 621 671
953 657 735 703 609 629 763 715 733 723 713 633 675 745 717 615 635 777 771 749 797 729 695 603 719 773 737 655 757 643 791 663 795 697 705 701 607 627 613 743 767 739 665 639 685 755 781 741 683 621 671
954 657 735 703 609 629 763 715 733 723 713 633 675 745 717 615 635 777 771 749 797 729 695 603 719 773 737 655 757 643 791 663 795 697 705 701 607 627 613 743 767 739 665 639 685 755 781 741 683 621 671
955 657 735 703 609 629 763 715 733 723 713 633 675 745 717 615 635 777 771 749 797 729 695 603 719 773 737 655 757 643 791 663 795 697 705 701 607 627 613 743 767 739 665 639 685 755 781 741 683 621 671
956 657 735 703 609 629 763 715 733 723 713 633 675 745 717 615 635 777 771 749 797 729 695 603 719 773 737 655 757 643 791 663 795 697 705 701 607 627 613 743 767 739 665 639 685 755 781 741 683 621 671
957 657 735 703 609 629 763 715 733 723 713 633 675 745 717 615 635 777 771 749 797 729 695 603 719 773 737 655 757 643 791 663 795 697 705 701 607 627 613 743 767 739 665 639 685 755 781 741 683 621 671
958 657 735 703 609 629 763 715 733 723 713 633 675 745 717 615 635 777 771 749 797 729 695 603 719 773 737 655 757 643 791 663 795 697 705 701 607 627 613 743 767 739 665 639 685 755 781 741 683 621 671
959 657 735 703 609 629 763 715 733 723 713 633 675 745 717 615 635 777 771 749 797 729 695 603 719 773 737 655 757 643 791 663 795 697 705 701 607 627 613 743 767 739 665 639 685 755 781 741 683 621 671
960 657 735 703 609 629 763 715 733 723 713 633 675 745 717 615 635 777 771 749 797 729 695 603 719 773 737 655 757 643 791 663 795 697 705 701 607 627 613 743 767 739 665 639 685 755 781 741 683 621 671
961 657 735 703 609 629 763 715 733 723 713 633 675 745 717 615 635 777 771 749 797 729 695 603 719 773 737 655 757 643 791 663 795 697 705 701 607 627 613 743 767 739 665 639 685 755 781 741 683 621 671
962 657 735 703 609 629 763 715 733 723 713 633 675 745 717 615 635 777 771 749 797 729 695 603 719 773 737 655 757 643 791 663 795 697 705 701 607 627 613 743 767 739 665 639 685 755 781 741 683 621 671
963 657 735 703 609 629 763 715 733 723 713 633 675 745 717 615 635 777 771 749 797 729 695 603 719 773 737 655 757 643 791 663 795 697 705 701 607 627 613 743 767 739 665 639 685 755 781 741 683 621 671
964 657 735 703 609 629 763 715 733 723 713 633 675 745 717 615 635 777 771 749 797 729 695 603 719 773 737 655 757 643 791 663 795 697 705 701 607 627 613 743 767 739 665 639 685 755 781 741 683 621 671
965 657 735 703 609 629 763 715 733 723 713 633 675 745 717 615 635 777 771 749 797 729 695 603 719 773 737 655 757 643 791 663 795 697 705 701 607 627 613 743 767 739 665 639 685 755 781 741 683 621 671
966 657 735 703 609 629 763 715 733 723 713 633 675 745 717 615 635 777 771 749 797 729 695 603 719 773 737 655 757 643 791 663 795 697 705 701 607 627 613 743 767 739 665 639 685 755 781 741 683 621 671
967 657 735 703 609 629 763 715 733 723 713 633 675 745 717 615 635 777 771 749 797 729 695 603 719 773 737 655 757 643 791 663 795 697 705 701 607 627 613 743 767 739 665 639 685 755 781 741 683 621 671
968 657 735 703 609 629 763 715 733 723 713 633 675 745 717 615 635 777 771 749 797 729 695 603 719 773 737 655 757 643 791 663 795 697 705 701 607 627 613 743 767 739 665 639 685 755 781 741 683 621 671
969 657 735 703 609 629 763 715 733 723 713 633 675 745 717 615 635 777 771 749 797 729 695 603 719 773 737 655 757 643 791 663 795 697 705 701 607 627 613 743 767 739 665 639 685 755 781 741 683 621 671
970 657 735 703 609 629 763 715 733 723 713 633 675 745 717 615 635 777 771 749 797 729 695 603 719 773 737 655 757 643 791 663 795 697 705 701 607 627 613 743 767 739 665 639 685 755 781 741 683 621 671
971 657 735 703 609 629 763 715 733 723 713 633 675 745 717 615 635 777 771 749 797 729 695 603 719 773 737 655 757 643 791 663 795 697 705 701 607 627 613 743 767 739 665 639 685 755 781 741 683 621 671
972 657 735 703 609 629 763 715 733 723 713 633 675 745 717 615 635 777 771 749 797 729 695 603 719 773 737 655 757 643 791 663 795 697 705 701 607 627 613 743 767 739 665 639 685 755 781 741 683 621 671
973 657 735 703 609 629 763 715 733 723 713 633 675 745 717 615 635 777 771 749 797 729 695 603 719 773 737 655 757 643 791 663 795 697 705 701 607 627 613 743 767 739 665 639 685 755 781 741 683 621 671
974 657 735 703 609 629 763 715 733 723 713 633 675 745 717 615 635 777 771 749 797 729 695 603 719 773 737 655 757 643 791 663 795 697 705 701 607 627 613 743 767 739 665 639 685 755 781 741 683 621 671
975 657 735 703 609 629 763 715 733 723 713 633 675 745 717 615 635 777 771 749 797 729 695 603 719 773 737 655 757 643 791 663 795 697 705 701 607 627 613 743 767 739 665 639 685 755 781 741 683 621 671
976 657 735 703 609 629 763 715 733 723 713 633 675 745 717 615 635 777 771 749 797 729 695 603 719 773 737 655 757 643 791 663 795 697 705 701 607 627 613 743 767 739 665 639 685 755 781 741 683 621 671
977 657 735 703 609 629 763 715 733 723 713 633 675 745 717 615 635 777 771 749 797 729 695 603 719 773 737 655 757 643 791 663 795 697 705 701 607 627 613 743 767 739 665 639 685 755 781 741 683 621 671
978 657 735 703 609 629 763 715 733 723 713 633 675 745 717 615 635 777 771 749 797 729 695 603 719 773 737 655 757 643 791 663 795 697 705 701 607 627 613 743 767 739 665 639 685 755 781 741 683 621 671
979 657 735 703 609 629 763 715 733 723 713 633 675 745 717 615 635 777 771 749 797 729 695 603 719 773 737 655 757 643 791 663 795 697 705 701 607 627 613 743 767 739 665 639 685 755 781 741 683 621 671
980 657 735 703 609 629 763 715 733 723 713 633 675 745 717 615 635 777 771 749 797 729 695 603 719 773 737 655 757 643 791 663 795 697 705 701 607 627 613 743 767 739 665 639 685 755 781 741 683 621 671
981 657 735 703 609 629 763 715 733 723 713 633 675 745 717 615 635 777 771 749 797 729 695 603 719 773 737 655 757 643 791 663 795 697 705 701 607 627 613 743 767 739 665 639 685 755 781 741 683 621 671
982 657 735 703 609 629 763 715 733 723 713 633 675 745 717 615 635 777 771 749 797 729 695 603 719 773 737 655 757 643 791 663 795 697 705 701 607 627 613 743 767 739 665 639 685 755 781 741 683 621 671
983 657 735 703 609 629 763 715 733 723 713 633 675 745 717 615 635 777 771 749 797 729 695 603 719 773 737 655 757 643 791 663 795 697 705 701 607 627 613 743 767 739 665 639 685 755 781 741 683 621 671
984 657 735 703 609 629 763 715 733 723 713 633 675 745 717 615 635 777 771 749 797 729 695 603 719 773 737 655 757 643 791 663 795 697 705 701 607 627 613 743 767 739 665 639 685 755 781 741 683 621 671
985 657 735 703 609 629 763 715 733 723 713 633 675 745 717 615 635 777 771 749 797 729 695 603 719 773 737 655 757 643 791 663 795 697 705 701 607 627 613 743 767 739 665 639 685 755 781 741 683 621 671
986 657 735 703 609 629 763 715 733 723 713 633 675 745 717 615 635 777 771 749 797 729 695 603 719 773 737 655 757 643 791 663 795 697 705 701 607 627 613 743 767 739 665 639 685 755 781 741 683 621 671
987 657 735 703 609 629 763 715 733 723 713 633 675 745 717 615 635 777 771 749 797 729 695 603 719 773 737 655 757 643 791 663 795 697 705 701 607 627 613 743 767 739 665 639 685 755 781 741 683 621 671
988 657 735 703 609 629 763 715 733 723 713 633 675 745 717 615 635 777 771 749 797 729 695 603 719 773 737 655 757 643 791 663 795 697 705 701 607 627 613 743 767 739 665 639 685 755 781 741 683 621 671
989 657 735 703 609 629 763 715 733 723 713 633 675 745 717 615 635 777 771 749 797 729 695 603 719 773 737 655 757 643 791 663 795 697 705 701 607 627 613 743 767 739 665 639 685 755 781 741 683 621 671
990 657 735 703 609 629 763 715 733 723 713 633 675 745 717 615 635 777 771 749 797 729 695 603 719 773 737 655 757 643 791 663 795 697 705 701 607 627 613 743 767 739 665 639 685 755 781 741 683 621 671
991 657 735 703 609 629 763 715 733 723 713 633 675 745 717 615 635 777 771 749 797 729 695 603 719 773 737 655 757 643 791 663 795 697 705 701 607 627 613 743 767 739 665 639 685 755 781 741 683 621 671
992 657 735 703 609 629 763 715 733 723 713 633 675 745 717 615 635 777 771 749 797 729 695 603 719 773 737 655 757 643 791 663 795 697 705 701 607 627 613 743 767 739 665 639 685 755 781 741 683 621 671
993 657 735 703 609 629 763 715 733 723 713 633 675 745 717 615 635 777 771 749 797 729 695 603 719 773 737 655 757 643 791 663 795 697 705 701 607 627 613 743 767 739 665 639 685 755 781 741 683 621 671
994 657 735 703 609 629 763 715 733 723 713 633 675 745 717 615 635 777 771 749 797 729 695 603 719 773 737 655 757 643 791 663 795 697 705 701 607 627 613 743 767 739 665 639 685 755 781 741 683 621 671
995 657 735 703 609 629 763 715 733 723 713 633 675 745 717 615 635 777 771 749 797 729 695 603 719 773 737 655 757 643 791 663 795 697 705 701 607 627 613 743 767 739 665 639 685 755 781 741 683 621 671
996 657 735 703 609 629 763 715 733 723 713 633 675 745 717 615 635 777 771 749 797 729 695 603 719 773 737 655 757 643 791 663 795 697 705 701 607 627 613 743 767 739 665 639 685 755 781 741 683 621 671
997 657 735 703 609 629 763 715 733 723 713 633 675 745 717 615 635 777 771 749 797 729 695 603 719 773 737 655 757 643 791 663 795 697 705 701 607 627 613 743 767 739 665 639 685 755 781 741 683 621 671
998 657 735 703 609 629 763 715 733 723 713 633 675 745 717 615 635 777 771 749 797 729 695 603 719 773 737 655 757 643 791 663 795 697 705 701 607 627 613 743 767 739 665 639 685 755 781 741 683 621 671
999 657 735 703 609 629 763 715 733 723 713 633 675 745 717 615 635 777 771 749 797 729 695 603 719 773 737 655 757 643 791 663 795 697 705 701 607 627 613 743 767 739 665 639 685 755 781 741 683 621 671
1000 657 735 703 609 629 763 715 733 723 713 633 675 745 717 615 635 777 771 749 797 729 695 603 719 773 737 655 757 643 791 663 795 697 705 701 607 627 613 743 767 739 665 639 685 755 781 741 683 621 671
